,id,level,color_class,position,chunk_no,word,lemma,pre_verb,morph,colspan,wordlenth,aux_inf,subminp,maxp,endposition
0,0,1,deep_sky_back,0,1,mahārājaḥ,mahārāja,,m. sg. nom.,9,9,,0,9,9
1,1,1,deep_sky_back,10,2,daśarathaḥ,daśaratha,,m. sg. nom.,9,10,,0,9,19
2,2,1,yellow_back,20,3,homa,homa,,iic.,4,4,,0,4,24
3,3,1,yellow_back,24,3,kuṇḍa,kuṇḍa,,iic.,5,5,,4,9,29
4,4,1,deep_sky_back,29,3,samīpam,samīpa,,m. sg. acc.,7,7,,9,16,36
5,5,1,deep_sky_back,29,3,samīpam,samīpa,,n. sg. acc.,7,7,,9,16,36
6,6,1,deep_sky_back,29,3,samīpam,samīpa,,n. sg. nom.,7,7,,9,16,36
7,7,1,mauve_back,37,4,gatvā,gam,,abs.,5,5,,0,5,42
8,8,1,yellow_back,43,5,pāyasa,pāyasa,,iic.,6,6,,0,6,49
9,9,1,deep_sky_back,49,5,pātram,pātra,,n. sg. acc.,6,6,,6,12,55
10,10,1,deep_sky_back,49,5,pātram,pātra,,n. sg. nom.,6,6,,6,12,55
11,11,1,deep_sky_back,49,5,pātram,pātra,,m. sg. acc.,6,6,,6,12,55
12,12,1,orange_back,56,6,svī,sva,,iiv.,3,3,,0,3,59
13,13,1,mauve_back,59,6,kṛtya,kṛ,,abs.,5,5, sence of lemma = 1,3,8,64
14,14,1,light_blue_back,65,7,tam,tad,,m. sg. acc.,3,3,,0,3,68
15,15,1,yellow_back,69,8,namaskṛta,namaskṛta,,iic.,9,9,,0,9,78
16,16,1,deep_sky_back,78,8,vān,vāt,,m. sg. nom.,3,3,{ ppr. [2,9,12,81
17,17,2,yellow_back,0,1,mahā,mahat,,iic.,4,4,,0,4,4
18,18,2,cyan_back,4,1,rājaḥ,rājan,,m. sg. nom.,5,5,,4,9,9
19,19,2,cyan_back,4,1,rājaḥ,rāj,,m. pl. acc.,5,5, sence of lemma = 2,4,9,9
20,20,2,cyan_back,4,1,rājaḥ,rāj,,m. pl. nom.,5,5, sence of lemma = 2,4,9,9
21,21,2,cyan_back,4,1,rājaḥ,rāj,,m. sg. g.,5,5, sence of lemma = 2,4,9,9
22,22,2,cyan_back,4,1,rājaḥ,rāj,,m. sg. abl.,5,5, sence of lemma = 2,4,9,9
23,23,2,cyan_back,4,1,rājaḥ,rāj,,n. sg. g.,5,5, sence of lemma = 2,4,9,9
24,24,2,cyan_back,4,1,rājaḥ,rāj,,n. sg. abl.,5,5, sence of lemma = 2,4,9,9
25,25,2,cyan_back,4,1,rājaḥ,rāj,,f. pl. acc.,5,5, sence of lemma = 2,4,9,9
26,26,2,cyan_back,4,1,rājaḥ,rāj,,f. pl. nom.,5,5, sence of lemma = 2,4,9,9
27,27,2,cyan_back,4,1,rājaḥ,rāj,,f. sg. g.,5,5, sence of lemma = 2,4,9,9
28,28,2,cyan_back,4,1,rājaḥ,rāj,,f. sg. abl.,5,5, sence of lemma = 2,4,9,9
29,29,2,yellow_back,10,2,daśa,daśan,,iic.,4,4,,0,4,14
30,30,2,deep_sky_back,14,2,rathaḥ,ratha,,m. sg. nom.,5,6,,4,9,19
31,31,2,yellow_back,49,5,pā,pā,,iic.,2,2, sence of lemma = 3,6,8,51
32,32,2,yellow_back,49,5,pā,pā,,iic.,2,2, sence of lemma = 4,6,8,51
33,33,2,cyan_back,51,5,tram,tra,,m. sg. acc.,4,4,,8,12,55
34,34,2,cyan_back,51,5,tram,tra,,n. sg. acc.,4,4,,8,12,55
35,35,2,cyan_back,51,5,tram,tra,,n. sg. nom.,4,4,,8,12,55
36,36,2,mauve_back,69,8,namaḥ,namas,,prep.,5,5,,0,5,74
37,37,2,deep_sky_back,74,8,kṛtavān,kṛtavat,,m. sg. nom.,7,7,{ ppa. }[kṛ_1,5,12,81
38,38,3,carmin_back,0,1,maha,mah,,imp. [1] ac. sg. 2,4,4,,0,4,4
39,39,3,lawngreen_back,4,1,rājaḥ,rāj,,m. pl. voc.,5,5, sence of lemma = 2,4,9,9
40,40,3,lawngreen_back,4,1,rājaḥ,rāj,,f. pl. voc.,5,5, sence of lemma = 2,4,9,9
41,41,3,deep_sky_back,10,2,daśa,daśan,,m. pl. acc.,4,4,,0,4,14
42,42,3,deep_sky_back,10,2,daśa,daśan,,m. pl. nom.,4,4,,0,4,14
43,43,3,yellow_back,69,8,namaḥ,namas,,iic.,5,5,,0,5,74
44,44,3,deep_sky_back,74,8,kṛtavān,kṛtavat,,m. sg. nom.,7,7,{ ppa. }[kṛ_1,5,12,81
45,45,4,carmin_back,3,1,arājaḥ,rāj,,impft. [1] ac. sg. 2,6,6, sence of lemma = 1,3,9,9
46,46,4,carmin_back,10,2,daśa,daṃś,,imp. [1] ac. sg. 2,4,4,,0,4,14
47,47,4,deep_sky_back,69,8,namaḥ,namas,,n. sg. acc.,5,5,,0,5,74
48,48,4,deep_sky_back,69,8,namaḥ,namas,,n. sg. nom.,5,5,,0,5,74
49,49,4,carmin_back,74,8,kṛta,kṛ,,inj. [4] md. sg. 3,4,4, sence of lemma = 1,5,9,78
50,50,4,carmin_back,74,8,kṛta,kṛ,,inj. [1] md. sg. 3,4,4, sence of lemma = 1,5,9,78
51,51,4,lawngreen_back,78,8,vān,vāt,,m. sg. voc.,3,3,{ ppr. [2,9,12,81
52,52,5,yellow_back,3,1,ara,ara,,iic.,3,3,,3,6,6
53,53,5,cyan_back,6,1,jaḥ,ja,,m. sg. nom.,3,3,,6,9,9
54,54,5,orange_back,69,8,namaḥ,namas,,iiv.,5,5,,0,5,74
55,55,5,yellow_back,74,8,kṛta,kṛta,,iic.,4,4,{ pp. }[kṛ_1,5,9,78
56,56,5,cyan_back,78,8,vān,vas,,m. sg. nom.,3,3, sence of lemma = 3,9,12,81
57,57,6,yellow_back,3,1,āra,āra,,iic.,3,3,,3,6,6
58,58,6,orange_back,69,8,namaḥ,namas,,iiv.,5,5,,0,5,74
59,59,6,carmin_back,74,8,kṛta,kṛ,,inj. [4] md. sg. 3,4,4, sence of lemma = 1,5,9,78
60,60,6,carmin_back,74,8,kṛta,kṛ,,inj. [1] md. sg. 3,4,4, sence of lemma = 1,5,9,78
61,61,7,deep_sky_back,3,1,arā,ara,,f. sg. nom.,3,3,,3,6,6
62,62,7,yellow_back,74,8,kṛta,kṛta,,iic.,4,4,,5,9,78
63,63,8,deep_sky_back,3,1,ārā,āra,,f. sg. nom.,3,3,,3,6,6
64,64,9,carmin_back,3,1,ara,ṛ,,pft. ac. pl. 2,3,3,,3,6,6
65,65,9,carmin_back,3,1,ara,ṛ,,pft. ac. sg. 3,3,3,,3,6,6
66,66,9,carmin_back,3,1,ara,ṛ,,pft. ac. sg. 1,3,3,,3,6,6
67,67,10,cyan_back,4,1,rā,rā,,m. sg. i.,2,2, sence of lemma = 2,4,6,6
68,68,10,cyan_back,4,1,rā,rā,,f. sg. nom.,2,2, sence of lemma = 2,4,6,6
69,69,11,yellow_back,4,1,rā,rā,,iic.,2,2, sence of lemma = 2,4,6,6
70,70,12,deep_sky_back,5,1,ajaḥ,aja,,m. sg. nom.,4,4, sence of lemma = 1,5,9,9
71,71,12,deep_sky_back,5,1,ajaḥ,aja,,m. sg. nom.,4,4, sence of lemma = 2,5,9,9
72,72,13,deep_sky_back,5,1,ājaḥ,āja,,m. sg. nom.,4,4,,5,9,9
73,73,14,carmin_back,5,1,ājaḥ,aj,,impft. [1] ac. sg. 2,4,4,,5,9,9
74,74,15,cyan_back,5,1,ajaḥ,ajā,,m. sg. nom.,4,4,,5,9,9
